8829
9229
9509
10053
10798
11190
11470
11965
12861
13230
13485
14045
14789
15774
16709
17261
17541
17773
18269
18509
18974
19238
19486
20029
20470
20789
21461
21669
21869
22285
22509
22813
23125
23429
24645
25550
25782
26261
26509
26957
27213
27525
28734
28917
29533
31069
31229
31478
31701
31949
32437
32789
33269
33525
34061
34542
35006
35493
35966
36469
36933
37398
37933
38437
38957
39205
40077
40261
40741
41230
41446
41997
42509
43110
43309
44013
44262
44749
45181
45445
45941
46405
46941
47237
48005
48221
48853
49334
49525
49742
49989
50253
50941
51126
51397
51693
51950
52222
52973
53285
53565
53821
54078
54861
55613
56325
56614
56783
57261
57525
58054
58485
59037
59398
59597
60069
60542
60773
61309
61517
62045
62533
63045
64013
64445
64853
65334
65597
66061
66541
67022
67821
68037
68477
68925
69413
69917
70405
71071
71261
71917
72461
72829
73310
73509
74061
74541
75053
76005
76621
77197
77437
77965
78477
78781
79277
79766
80101
80293
80501
80717
81285
81557
82070
82558
82997
83901
84069
84526
84981
85445
85949
86445
87133
87349
88758
89237
89494
90013
90757
91165
91445
91997
92789
93221
93469
93989
94813
95669
96597
97181
97373
98021
98821
99278
99518
100021
100837
101365
101541
101965
102838
103741
104758
105277
105541
105757
106445
106661
107157
107693
108261
108709
109262
109557
109741
110189
110438
110918
111189
111381
111853
112253
112773
113277
113557
113741
114237
114509
114957
115189
115517
116493
116693
117453
118533
118700
119293
119694
120277
120741
121404
121589
121997
122486
122950
123445
123958
124452
124965
125437
125934
126414
126957
127173
127814
127973
128740
129229
129469
130014
130468
130981
131262
132157
132333
132774
133221
133469
133949
134413
135117
135277
135869
136045
136733
137093
137269
137461
137684
137901
138085
138892
139116
139325
139517
139701
139942
140869
141085
141341
141549
142693
143653
144029
144517
144773
145269
145509
146030
146453
146973
147221
147374
148005
148485
148773
149253
149533
150061
150493
151006
151621
151861
152101
152485
152733
153261
153542
154085
154509
155061
155613
155981
156452
157013
157453
157949
158510
158997
159197
159374
159773
160164
160317
160845
161301
161604
162093
162518
163021
163701
164077
164244
164412
164813
165317
165581
166085
166557
166996
167205
167813
168173
168341
168533
168829
169302
169557
170093
170517
170989
171893
172101
172517
172950
173453
173981
174525
174957
175238
175414
175773
176229
176549
176740
177253
177501
177990
178420
178958
180173
180501
180684
181196
181436
181949
182413
182885
183965
184380
184637
184829
185301
185494
185988
186445
186885
187845
188069
188548
188989
189462
189933
190501
190980
191252
192077
192494
192813
193277
193613
194205
194668
195221
195749
196197
196533
196717
197277
197701
198357
198684
199212
199733
200189
200733
201237
201733
202237
202677
203236
203709
204197
204653
205109
205534
206005
206461
207004
207269
207773
207925
208253
208598
208749
209213
209461
210061
210492
211094
211286
211429
211580
212021
212470
212725
213205
213485
213966
214454
215109
215261
215421
216029
216501
216774
217300
217573
218029
218469
218901
219054
219197
219725
219925
220525
220965
221436
221884
222453
223053
223374
223925
224284
224764
225261
225493
225997
226501
226925
227141
227358
227501
228037
228477
228789
229284
229557
229997
230476
230933
231164
231333
232004
232357
232565
232829
233309
233581
234068
234517
235005
235748
235940
236404
236894
237405
237965
238468
238900
239333
239476
239637
239797
239964
240221
240548
240820
241252
241485
241965
242462
242892
243414
243813
244021
244214
244372
244789
245269
245549
246084
246508
246989
247237
247541
247733
248132
248357
248660
249205
249444
250005
250469
250973
251797
252036
252485
252917
253413
253917
254413
254908
255141
255309
255604
255796
255932
256076
256574
256781
257269
257533
258061
258485
258941
260028
260470
260732
261197
261429
261613
262021
262477
262909
263133
263309
263700
264085
264261
264445
264790
265269
265557
266054
266517
267005
267764
267957
268454
268941
269413
269909
270453
270996
271316
271788
271933
272077
272237
272413
273205
273437
274021
274516
275021
276085
276485
276701
277253
277516
278020
278501
278965
280069
280461
280701
281260
281501
282045
282485
282933
283861
284053
284516
284988
285485
285917
286589
286949
287221
288005
288412
288653
288844
289277
289484
290020
290420
290869
291941
292397
292612
293244
293477
294005
294437
294925
296005
296445
296685
297213
297436
298004
298484
298932
299845
300068
300525
300972
301413
301876
302517
302925
303165
303365
304125
304485
304813
305253
305532
306021
306468
306989
307974
308413
308653
309228
309486
309981
310444
310949
311901
312365
312613
313397
313589
314004
314469
314973
315836
316053
316517
316972
317445
317909
318493
318956
319188
319852
320421
320813
321357
321964
322532
323061
323933
324460
325173
325925
326477
326996
327997
328444
328708
329254
329901
330397
330910
331756
331973
332444
332957
333445
333925
334460
334949
335228
336829
337292
337677
338125
338701
339141
339453
341189
341549
343117
344157
344982
346949
347268
347588
347893
348164
348493
348772
348996
349237
349556
349853
350277
350749
351668
351820
351973
